ymin	ymax	x	group
0.000449388929082389	0.000504370193981623	0.000450070323488045	8
0.000377389206752982	0.000445191508930042	0.00146272855133615	8
0.000329888404491591	0.000373901503069082	0.00247538677918425	8
0.000211073501448884	0.000325871306816299	0.00348804500703235	8
8.47234000770653e-05	0.000199564899741374	0.00450070323488045	8
1.61246693436819e-06	7.7752484518362e-05	0.00551336146272855	8
1.53597498920721e-05	4.39670633336764e-05	0.00652601969057665	8
3.31198500852104e-05	7.38133762580198e-05	0.00753867791842475	8
5.09613595154841e-05	8.005631504837e-05	0.00855133614627285	8
2.09844633464094e-05	8.17913221011317e-05	0.00956399437412096	8
1.03701137173842e-06	3.30563693185761e-05	0.0105766526019691	8
2.30520065686432e-05	0.00015418567645672	0.0115893108298172	8
0.000132597056963167	0.00028041478678953	0.0126019690576653	8
0.000215814091085247	0.000409727656190171	0.0136146272855134	8
0.000281954351793891	0.00065506060205002	0.0146272855133615	8
0.000535210131199445	0.000877261243160396	0.0156399437412096	8
0.000460324865940119	0.000846552322603493	0.0166526019690577	8
0.000197390431311332	0.00108350611412298	0.0176652601969058	8
0.000323986281520726	0.000516628883146544	0.0186779184247539	8
0.000211077810952573	0.000765898094107053	0.019690576652602	8
0.000159877422211192	0.000947887888590782	0.0207032348804501	8
1.70792636822608e-05	0.000308231351113127	0.0217158931082982	8
2.64808646915728e-06	4.3166038273309e-05	0.0227285513361463	8
2.67767220582995e-05	6.10075434896349e-05	0.0237412095639944	8
1.30931730523734e-05	5.09119809005275e-05	0.0247538677918425	8
4.8698996701759e-05	9.68840867246337e-05	0.0257665260196906	8
8.30056953774243e-05	0.00014948609649891	0.0267791842475387	8
3.6062991367737e-05	0.000138414408533822	0.0277918424753868	8
8.5165482371298e-05	0.000134731595172848	0.0288045007032349	8
4.12840307107534e-05	8.83771844660578e-05	0.029817158931083	8
1.82229477337157e-05	5.09120481963672e-05	0.0308298171589311	8
2.98375132295674e-06	1.79832952757959e-05	0.0318424753867792	8
1.47713489062942e-05	2.36845918612827e-05	0.0328551336146273	8
2.97940094477219e-06	7.64244381630721e-05	0.0338677918424754	8
7.54031451817164e-05	0.000265221140700957	0.0348804500703235	8
0.00018755255891506	0.000337423497969344	0.0358931082981716	8
0.000238764347296235	0.0053117828442228	0.0369057665260197	8
0.000231093548489901	0.000475457713064836	0.0379184247538678	8
0.000377360232581065	0.000568801127711649	0.0389310829817159	8
0.000100303917868758	0.000372162430716953	0.039943741209564	8
0.000233676988460414	0.000280099220700104	0.0409563994374121	8
0.000101526912922381	0.000227415449199669	0.0419690576652602	8
0.000157148192677357	0.000182014615037969	0.0429817158931083	8
4.32738558620611e-05	0.000195898033510619	0.0439943741209564	8
1.10980780948502e-05	3.92755032880209e-05	0.0450070323488045	8
1.13230210623492e-05	1.67455379354486e-05	0.0460196905766526	8
4.1537937286246e-06	1.08262622639446e-05	0.0470323488045007	8
1.06212245817116e-06	1.63980791953899e-05	0.0480450070323488	8
1.38283675453184e-06	5.20630180800002e-05	0.0490576652601969	8
1.83137663387411e-05	5.3004355585968e-05	0.050070323488045	8
8.12152074631438e-06	2.45794947614854e-05	0.0510829817158931	8
2.41073268608301e-06	1.08703606766009e-05	0.0520956399437412	8
1.20069859292797e-05	2.05398854020276e-05	0.0531082981715893	8
1.51931827694104e-05	2.95086618262172e-05	0.0541209563994374	8
1.96685326989532e-06	1.34821143158662e-05	0.0551336146272855	8
1.84965197174112e-06	4.32552832449744e-06	0.0561462728551336	8
2.37947754120715e-06	5.81096537815858e-06	0.0571589310829817	8
3.062258722149e-06	6.46482105825486e-06	0.0581715893108298	8
1.4528886933046e-06	6.50329225792392e-06	0.0591842475386779	8
4.65464262629536e-06	7.11708618298159e-06	0.060196905766526	8
1.50970777902971e-06	4.44385468331663e-06	0.0612095639943741	8
3.06265759417809e-06	5.60230219607036e-06	0.0622222222222222	8
1.33543901309237e-06	7.58475856567516e-06	0.0632348804500703	8
5.28336725395105e-06	1.37628140521371e-05	0.0642475386779184	8
5.06068654349589e-06	2.21696233187761e-05	0.0652601969057665	8
1.27178427559131e-06	1.56005397600777e-05	0.0662728551336146	8
1.20623375701051e-05	2.83177673377938e-05	0.0672855133614627	8
2.69350025596925e-05	4.19029055476027e-05	0.0682981715893108	8
4.27175364125559e-05	5.54201704639274e-05	0.0693108298171589	8
5.30675793403958e-05	5.55228908129863e-05	0.070323488045007	8
4.2708332377519e-05	7.97176043972021e-05	0.0713361462728551	8
8.16241657562507e-05	9.87379237980706e-05	0.0723488045007032	8
4.55863096015636e-06	9.06107113323812e-05	0.0733614627285513	8
2.8220467120291e-05	8.55961378510792e-05	0.0743741209563994	8
3.03278731680006e-06	6.21732445947921e-05	0.0753867791842475	8
6.62940628504789e-05	0.000110939428555285	0.0763994374120956	8
0.000113605847908906	0.000172419537344733	0.0774120956399437	8
0.000175224481737902	0.000214818535099871	0.0784247538677918	8
0.000141584963422251	0.000237101011774488	0.0794374120956399	8
0.000240459081643413	0.00028901037467959	0.0804500703234881	8
0.000285118364447824	0.000294778836785831	0.0814627285513361	8
0.000285940361842284	0.000304962100555811	0.0824753867791842	8
0.000246175097595077	0.000283103517050676	0.0834880450070324	8
0.00020408249280736	0.00037206471689218	0.0845007032348804	8
0.000159342301635172	0.000238127645950701	0.0855133614627285	8
0.000147745315970671	0.000215957290398619	0.0865260196905767	8
2.64957753945301e-05	0.00019472016305437	0.0875386779184248	8
4.08182155884178e-06	0.000132824452357292	0.0885513361462729	8
8.05191483175386e-05	0.000323092512008812	0.089563994374121	8
0.000101544798785386	0.000118145210029416	0.0905766526019691	8
0.000118233447677562	0.000135819227788297	0.0915893108298171	8
8.75102413026765e-05	0.00013339192744467	0.0926019690576653	8
5.2640934370892e-05	0.000290931910087411	0.0936146272855134	8
6.31392403735462e-05	0.000216531659405528	0.0946272855133614	8
7.19228805304016e-05	0.000347049900675965	0.0956399437412096	8
5.87805351468975e-06	0.000127084831301597	0.0966526019690577	8
1.95234343116461e-05	0.00010099459871796	0.0976652601969058	8
5.35287876572486e-05	9.1786866246329e-05	0.0986779184247539	8
5.25003166527756e-05	8.55393007133994e-05	0.099690576652602	8
4.91238772052069e-05	7.55474466113562e-05	0.10070323488045	8
3.57855960088465e-05	0.000112660706294207	0.101715893108298	8
2.57914573846227e-05	0.000639529117845921	0.102728551336146	8
5.62420014452354e-05	0.000171307957458412	0.103741209563994	8
6.83324467199658e-05	7.79428803263001e-05	0.104753867791842	8
6.95163977305953e-05	7.91690364575326e-05	0.105766526019691	8
3.05970447076266e-05	8.01113475466206e-05	0.106779184247539	8
3.99076406175633e-05	6.48486308262215e-05	0.107791842475387	8
6.7302618677785e-05	0.000166258802595103	0.108804500703235	8
1.22469160420966e-05	8.08659221532057e-05	0.109817158931083	8
2.72218600938514e-06	1.11632992139458e-05	0.110829817158931	8
8.05442131277496e-07	2.2005580355852e-05	0.111842475386779	8
2.23603588789417e-06	9.90324293803821e-06	0.112855133614627	8
5.76294595668911e-06	3.09536860611227e-05	0.113867791842475	8
3.25595395241659e-05	5.01892726770676e-05	0.114880450070324	8
5.10442339892964e-05	6.62267454520066e-05	0.115893108298172	8
5.18397681509664e-05	0.000119695618702967	0.11690576652602	8
8.48552325180332e-05	0.000106722356641377	0.117918424753868	8
7.08402708770919e-05	0.000100877599049755	0.118931082981716	8
4.92230899245959e-05	9.53589138328602e-05	0.119943741209564	8
7.10558965894396e-06	4.71490236055768e-05	0.120956399437412	8
2.66664043800623e-05	3.95051756226576e-05	0.12196905766526	8
6.71809270093232e-06	5.74997214947329e-05	0.122981715893108	8
6.27376991203736e-05	0.000297619885854669	0.123994374120956	8
0.00015433342336674	0.000313503415585929	0.125007032348805	8
0.000233758818238942	0.00098081375573033	0.126019690576653	8
6.99472393154138e-05	0.000234845646880278	0.127032348804501	8
0.000103277633287744	0.000169421934184293	0.128045007032349	8
0.000136452178983247	0.000156772248433769	0.129057665260197	8
6.15036127064806e-05	0.000134209362407749	0.130070323488045	8
4.27514456915666e-05	8.61441785895159e-05	0.131082981715893	8
9.91987440086288e-06	8.40803685448272e-05	0.132095639943741	8
1.94993423969223e-05	8.37402968483535e-05	0.133108298171589	8
6.96768371051621e-05	0.000105155373520003	0.134120956399437	8
7.97133223299777e-05	0.000148017778937025	0.135133614627286	8
0.000156810687660724	0.000178996303195245	0.136146272855134	8
4.81045346801157e-05	0.000168003894663771	0.137158931082982	8
8.0491642566045e-05	0.00013699224280396	0.13817158931083	8
5.37043506731312e-05	0.000125682265741471	0.139184247538678	8
2.61550569464477e-05	7.83340343810812e-05	0.140196905766526	8
7.19596136336622e-06	2.3304857092661e-05	0.141209563994374	8
1.6668437608685e-06	1.00229671629998e-05	0.142222222222222	8
3.08809712894067e-06	6.17744674919357e-06	0.14323488045007	8
2.02939323250451e-07	3.94545681091695e-06	0.144247538677918	8
3.92832050012105e-08	4.73377923929497e-06	0.145260196905767	8
3.82852465932384e-06	7.49939329589312e-06	0.146272855133615	8
2.43327885481089e-07	5.059175610475e-05	0.147285513361463	8
5.65114749248423e-05	0.000393678170596727	0.148298171589311	8
0.00029323910250695	0.00337192541612187	0.149310829817159	8
0.000113754452355278	0.000485280131913234	0.150323488045007	8
0.000152576633873632	0.00027888619606813	0.151336146272855	8
0.000185159393031876	0.000304878323672596	0.152348804500703	8
0.000160271642679301	0.000273808536716697	0.153361462728551	8
0.00012691604307763	0.000162333531131398	0.154374120956399	8
2.46058027223162e-05	0.00012390293807986	0.155386779184248	8
2.56356496083297e-05	7.82996793756543e-05	0.156399437412096	8
7.9286530594252e-05	0.000102400052937833	0.157412095639944	8
6.14935669785504e-05	9.36568574787649e-05	0.158424753867792	8
4.35527092129705e-05	6.13126390213572e-05	0.15943741209564	8
2.72120505993403e-05	4.2845227254214e-05	0.160450070323488	8
4.80739650392478e-07	2.55606046172619e-05	0.161462728551336	8
1.80351527904733e-06	1.25308944399563e-05	0.162475386779184	8
2.70188890340189e-06	1.87791131440846e-05	0.163488045007032	8
2.00852290223108e-05	4.06882580133192e-05	0.16450070323488	8
4.17267620169755e-05	5.89187157354053e-05	0.165513361462729	8
4.78390044947922e-05	8.479673542578e-05	0.166526019690577	8
8.83594274750493e-05	0.000156804354892558	0.167538677918425	8
0.000164865240759548	0.0119016021193221	0.168551336146273	8
0.000182852835104255	0.000748442163230252	0.169563994374121	8
7.51930155440572e-05	0.000171329276910525	0.170576652601969	8
1.21220736541959e-05	6.89284736717805e-05	0.171589310829817	8
4.58632787189053e-07	1.00059714039761e-05	0.172601969057665	8
5.50022564525922e-06	1.5409458182766e-05	0.173614627285513	8
6.24929316786423e-06	7.23913444850253e-05	0.174627285513361	8
3.7989636428252e-05	6.70219940923081e-05	0.17563994374121	8
6.6816963104048e-05	9.24319791785087e-05	0.176652601969058	8
9.62241005219989e-05	0.000119300499859859	0.177665260196906	8
2.57997359675771e-05	0.000262956669226591	0.178677918424754	8
0.000276937227891106	0.000369040904891741	0.179690576652602	8
0.000243926994100125	0.00043913622725514	0.18070323488045	8
0.000164013944599133	0.00158678150521178	0.181715893108298	8
0.000819506878488774	0.00257521397303426	0.182728551336146	8
0.00190434801947255	0.00412768018387534	0.183741209563994	8
0.00247362321695612	0.00763964766233853	0.184753867791842	8
0.000597566699527207	0.0055763775262311	0.185766526019691	8
0.000971354105379135	0.0032587564758146	0.186779184247539	8
0.00244345643297255	0.00410153952386443	0.187791842475387	8
0.00293273671444241	0.00456932420632406	0.188804500703235	8
0.0026061785148507	0.00447445207769324	0.189817158931083	8
0.00246782292203021	0.00351463538442614	0.190829817158931	8
0.000937711142334663	0.00241067486416174	0.191842475386779	8
0.00113349899527002	0.00170633145806197	0.192855133614627	8
0.000546657919793036	0.00188687034296118	0.193867791842475	8
0.000345031946609813	0.000761041438071844	0.194880450070323	8
7.99433688455238e-05	0.000570546546954237	0.195893108298172	8
5.87760799858971e-05	0.000205422934148011	0.19690576652602	8
9.68353440937791e-05	0.000260250545105043	0.197918424753868	8
0.00027766798599484	0.000529767511826509	0.198931082981716	8
0.000594298629737979	0.00100022342460649	0.199943741209564	8
0.000687222544086883	0.00109334306655288	0.200956399437412	8
0.000434858402813353	0.000951188600311462	0.20196905766526	8
0.000597277448701677	0.000866970930876506	0.202981715893108	8
0.00059145048348559	0.000845373551669402	0.203994374120956	8
0.000304311588163498	0.000694218772322135	0.205007032348805	8
0.000142564804219011	0.000295346767272968	0.206019690576653	8
5.89138320172032e-05	0.000162121850553702	0.207032348804501	8
1.75880156271848e-05	5.79984676438923e-05	0.208045007032349	8
4.3847500435914e-05	0.000124148773526989	0.209057665260197	8
4.13733826229713e-06	7.30585373243058e-05	0.210070323488045	8
8.97078173834237e-05	0.000731421051510308	0.211082981715893	8
9.04640222421344e-05	0.000183767870620094	0.212095639943741	8
0.000156479125590257	0.000202131351977392	0.213108298171589	8
0.000205782254373187	0.000284407329724227	0.214120956399437	8
0.000274184212261794	0.00028900380339924	0.215133614627285	8
0.000132201501828208	0.000274105934299105	0.216146272855134	8
2.42686371162922e-05	0.000129560330174517	0.217158931082982	8
0.000119214986355201	0.000616676608363531	0.21817158931083	8
4.01832031119204e-05	0.00023362933414067	0.219184247538678	8
6.32999123217472e-05	0.000111963203383499	0.220196905766526	8
5.28406476544821e-05	8.15685126196488e-05	0.221209563994374	8
7.03094226128247e-05	0.000106181401084432	0.222222222222222	8
7.46975047646824e-05	0.000121475484927496	0.22323488045007	8
8.10863314874091e-05	0.000160691318093779	0.224247538677918	8
5.6706707821071e-05	0.00016078791117687	0.225260196905767	8
3.2297226503064e-05	0.000230823679432243	0.226272855133615	8
0.000243915261192687	0.00144867203209342	0.227285513361463	8
0.000774921784747852	0.00567948024054374	0.228298171589311	8
0.000718538444323291	0.00106734911332947	0.229310829817159	8
0.00110041066048811	0.00163381211469428	0.230323488045007	8
0.0016755964158962	0.00174697355695918	0.231336146272855	8
0.00164022954379975	0.00174529496427247	0.232348804500703	8
0.00114333882937588	0.00206336298466913	0.233361462728551	8
0.000363461155872278	0.00139622584094311	0.234374120956399	8
0.00143854601092526	0.00179599579061928	0.235386779184248	8
0.00150704858427404	0.00247416521092608	0.236399437412096	8
0.00254252507095628	0.00862333883820699	0.237412095639944	8
0.00265766910469727	0.00534755025834663	0.238424753867792	8
0.00215742593595177	0.00259528830790773	0.23943741209564	8
0.00215400281970099	0.00382071354539554	0.240450070323488	8
0.00386183233960203	0.00490774913535142	0.241462728551336	8
0.00496946945563234	0.00820026317915356	0.242475386779184	8
0.00744923854746183	0.0308629735431923	0.243488045007032	8
0.00211340559359379	0.00673201890710147	0.24450070323488	8
0.00116953936524514	0.00485770694517132	0.245513361462729	8
0.000957670576023527	0.00168061613609285	0.246526019690577	8
0.000703174448526344	0.00134207311112543	0.247538677918425	8
0.000134294847594862	0.000819455859093905	0.248551336146273	8
0.00030582712805105	0.000506671052319391	0.249563994374121	8
0.000220623003603257	0.000354806646605058	0.250576652601969	8
9.74393356520641e-05	0.000204992727576843	0.251589310829817	8
7.29369928974112e-05	0.000260011990853538	0.252601969057665	8
0.000126111796273462	0.000174265994736706	0.253614627285513	8
3.92348597167515e-05	0.000117646349863569	0.254627285513361	8
4.33647105659771e-05	0.000117744405510266	0.25563994374121	8
5.56875722830065e-05	0.000135939612329641	0.256652601969058	8
0.000116927082860615	0.000217990163861975	0.257665260196906	8
8.81913711119997e-05	0.000115492938621278	0.258677918424754	8
5.12789213047675e-05	8.44049713134538e-05	0.259690576652602	8
3.20188290237161e-05	5.53074562961424e-05	0.26070323488045	8
1.44727847833977e-05	3.1149275946284e-05	0.261715893108298	8
3.79001122309526e-06	2.22603098079841e-05	0.262728551336146	8
1.98951002791802e-05	3.87422316589215e-05	0.263741209563994	8
2.62587120888785e-05	0.000219886654017964	0.264753867791842	8
2.81171812399548e-06	5.78462828914924e-05	0.265766526019691	8
1.8743415226892e-05	7.00169250498912e-05	0.266779184247539	8
1.20997485260692e-05	5.11498085876175e-05	0.267791842475387	8
2.68252273335453e-05	0.000153135807798266	0.268804500703235	8
3.66965345306724e-06	5.55379239049576e-05	0.269817158931083	8
6.0189804947529e-05	0.000111005629169071	0.270829817158931	8
2.84142505730969e-05	0.000111219060796632	0.271842475386779	8
1.11226658455691e-05	0.000130012161873543	0.272855133614627	8
0.000134839437094183	0.000189417663939588	0.273867791842475	8
0.000111502453135067	0.000384027891526216	0.274880450070323	8
0.000328355427678512	0.000604103974836116	0.275893108298172	8
0.0004195843164403	0.000992831705468664	0.27690576652602	8
0.000207947342492894	0.000563792087957526	0.277918424753868	8
4.52902997941242e-05	0.00117282946831642	0.278931082981716	8
0.000155815539810852	0.000332917713679409	0.279943741209564	8
0.000338248965771063	0.000507315474314967	0.280956399437412	8
0.000419258862688362	0.00103054241961585	0.28196905766526	8
0.00040027997753697	0.000417771155168583	0.282981715893108	8
0.000346604856365317	0.000394659734831196	0.283994374120956	8
0.000332899658267411	0.000370514985779486	0.285007032348805	8
0.00035653684754052	0.000392398914044458	0.286019690576653	8
0.000217122994113068	0.000424517729958965	0.287032348804501	8
0.000348320032719585	0.000443273635387605	0.288045007032349	8
0.000131342131195182	0.000502057878692107	0.289057665260197	8
7.08451524949551e-05	0.000781995227984903	0.290070323488045	8
0.000316071577637155	0.000746265866346695	0.291082981715893	8
0.000670860519992304	0.000862873889969078	0.292095639943741	8
0.000701817598385851	0.000814203454816135	0.293108298171589	8
0.000535003553213873	0.000706338590213856	0.294120956399437	8
0.000356431218202071	0.000527486957251784	0.295133614627285	8
0.000137149658080072	0.0019400621160625	0.296146272855134	8
0.000303478511408346	0.000968066043370308	0.297158931082982	8
8.06174673145025e-05	0.000288727824764811	0.29817158931083	8
7.29766441011257e-05	0.000210721441081534	0.299184247538678	8
0.000150044734740417	0.00020750797239575	0.300196905766526	8
2.17394184039136e-05	0.000146209831879555	0.301209563994374	8
4.11963388458844e-05	0.000205765072632969	0.302222222222222	8
7.92283871119534e-05	0.000306418650775449	0.30323488045007	8
0.000231792287021871	0.00160600309533665	0.304247538677918	8
0.000242361992700594	0.00417726998891143	0.305260196905767	8
0.000272430791996531	0.00474747301590837	0.306272855133615	8
0.0012568577591503	0.00210673197515706	0.307285513361463	8
0.00126694132429711	0.00212371660309569	0.308298171589311	8
0.000991144092338669	0.00182417543905321	0.309310829817159	8
0.000354914927013991	0.00125330747396944	0.310323488045007	8
0.000146799102836215	0.00104410713627768	0.311336146272855	8
0.000990046584206822	0.00248871898320676	0.312348804500703	8
0.000717077630628084	0.00107792695351839	0.313361462728551	8
0.000274747016489014	0.00146021714735052	0.314374120956399	8
0.00159567125976959	0.0231929900323855	0.315386779184248	8
0.0030577462442194	0.00612449338839314	0.316399437412096	8
0.00597676490786061	0.0065420177708811	0.317412095639944	8
0.00519939050085098	0.00592004902152204	0.318424753867792	8
0.00472646452548892	0.00515655066604099	0.31943741209564	8
0.00463427556825008	0.00479475744441343	0.320450070323488	8
0.00440101108469195	0.00462398887754648	0.321462728551336	8
0.00214794091525265	0.00437260444071841	0.322475386779184	8
0.00323968534637127	0.00422391121598974	0.323488045007032	8
0.00424053628338456	0.00458404219585017	0.32450070323488	8
0.00460273332082981	0.00473703168314424	0.325513361462729	8
0.00322773258128356	0.0047244045882326	0.326526019690577	8
0.00265333876289296	0.00413305356731651	0.327538677918425	8
0.00390464351522543	0.00431160180215359	0.328551336146273	8
0.00431135589009342	0.0047428052064762	0.329563994374121	8
0.00478918407401985	0.00525950993903251	0.330576652601969	8
0.00508316810076704	0.00532299746255148	0.331589310829817	8
0.00454732697832216	0.00502562691887762	0.332601969057665	8
0.00386565180838285	0.00452648142245123	0.333614627285513	8
0.00315749618305393	0.00382770952181878	0.334627285513361	8
0.00259668340042343	0.00313465437312557	0.33563994374121	8
0.00213842543048853	0.00256499125369184	0.336652601969058	8
0.00193361133797488	0.0346467314170882	0.337665260196906	8
0.000227503455733972	0.00175487801447053	0.338677918424754	8
8.67125784412633e-05	0.000301263713896344	0.339690576652602	8
9.66287741833902e-05	0.000115625149259442	0.34070323488045	8
7.73392322003467e-05	0.000115918742339194	0.341715893108298	8
4.79105065477e-05	9.09519301479344e-05	0.342728551336146	8
4.53165454328777e-05	5.99189201671906e-05	0.343741209563994	8
2.27158096527337e-05	4.42488719844695e-05	0.344753867791842	8
8.94562794356606e-06	2.5381234657395e-05	0.345766526019691	8
3.22139093293394e-06	1.25428259391909e-05	0.346779184247539	8
7.59702535440828e-07	4.77387185234526e-06	0.347791842475387	8
4.95357931563077e-06	6.52358449409202e-06	0.348804500703235	8
2.65628646143649e-06	6.3567998083736e-06	0.349817158931083	8
5.17600741657669e-06	8.86899310988007e-06	0.350829817158931	8
5.06050783869184e-06	9.21146546190201e-06	0.351842475386779	8
2.29900310415815e-06	2.67108808793865e-05	0.352855133614627	8
2.95984827780865e-05	6.84968295736503e-05	0.353867791842475	8
5.97161097810289e-05	0.000529943199951637	0.354880450070324	8
3.10156921541727e-05	0.000205244106026255	0.355893108298172	8
7.74580492541331e-06	2.96124965359773e-05	0.35690576652602	8
1.04555458453781e-05	3.52191701956557e-05	0.357918424753868	8
2.17648286470092e-05	3.64611473967597e-05	0.358931082981716	8
2.36450146204265e-05	3.94068468259199e-05	0.359943741209564	8
2.21453446674861e-05	3.37110224029513e-05	0.360956399437412	8
1.25920342347458e-05	2.76472705914927e-05	0.36196905766526	8
4.09053332116505e-06	2.32903084969754e-05	0.362981715893108	8
5.93930775420276e-06	1.0020686113606e-05	0.363994374120956	8
6.68063441759999e-06	1.7273289703518e-05	0.365007032348804	8
3.39546239416842e-06	7.02459304136798e-06	0.366019690576653	8
7.09588194587008e-06	7.93224760659996e-06	0.367032348804501	8
5.97001432654679e-06	8.10535149826285e-06	0.368045007032349	8
2.64205209372534e-06	5.85395463673511e-06	0.369057665260197	8
1.21055828865413e-07	2.52252999615935e-06	0.370070323488045	8
2.03416154782182e-07	3.11645056037436e-06	0.371082981715893	8
2.46379801502186e-06	1.08648162918257e-05	0.372095639943741	8
1.10144018927602e-05	1.6395006683428e-05	0.373108298171589	8
1.66742054729076e-05	2.16876899109655e-05	0.374120956399437	8
2.10202791843334e-05	2.25972928587852e-05	0.375133614627286	8
1.58454843154491e-05	2.08063588998753e-05	0.376146272855134	8
9.62278295504032e-06	1.56223388833633e-05	0.377158931082982	8
2.24262606744615e-06	9.22286648514211e-06	0.37817158931083	8
5.47991888397808e-07	2.4928948091849e-06	0.379184247538678	8
9.43954486038591e-08	1.75622254645267e-06	0.380196905766526	8
1.93283791101961e-06	5.20440974388663e-06	0.381209563994374	8
5.38509407718922e-06	8.99889600152152e-06	0.382222222222222	8
9.33458389006771e-06	1.77200626753244e-05	0.38323488045007	8
1.84197494933489e-05	3.55560326157113e-05	0.384247538677918	8
3.70292918365685e-05	6.99843048019174e-05	0.385260196905767	8
7.35097624781723e-05	0.000219792686244361	0.386272855133615	8
0.000166133188126899	0.000223018929862638	0.387285513361463	8
0.000227399922753772	0.000302087411468596	0.388298171589311	8
0.000306815157262897	0.000360986396993751	0.389310829817159	8
0.000362312291924295	0.000377142659057829	0.390323488045007	8
0.000336603349350095	0.000371025310764649	0.391336146272855	8
0.000288635048891609	0.000334599166148223	0.392348804500703	8
0.000184254724060546	0.000285500655455737	0.393361462728551	8
0.000136070529810543	0.000194067268980002	0.3943741209564	8
0.000146707609004317	0.000174817146895846	0.395386779184248	8
7.1599682762276e-05	0.00014747056325436	0.396399437412096	8
8.63891926465742e-05	0.000124284096618697	0.397412095639944	8
9.51594191389825e-05	0.000123278587630769	0.398424753867792	8
1.14713156423875e-05	0.000127154301166913	0.39943741209564	8
0.000154480154588221	0.00325321605306123	0.400450070323488	8
0.000338225530182856	0.000649789195774554	0.401462728551336	8
0.000294026020425177	0.000381417756830621	0.402475386779184	8
0.000265623908181515	0.000399962334424397	0.403488045007032	8
0.000153932736894046	0.000324363622670594	0.40450070323488	8
5.76983584680861e-05	0.000493280830760271	0.405513361462729	8
0.000126652952855168	0.00052638770572743	0.406526019690577	8
0.000272086038328617	0.000527924035407382	0.407538677918425	8
8.32795620285557e-05	0.000564096440610066	0.408551336146273	8
8.32040025016384e-05	0.000165030118394532	0.409563994374121	8
0.000112595024487058	0.000178554288646153	0.410576652601969	8
0.000128718190126617	0.000252052203790655	0.411589310829817	8
0.000253126867883877	0.000339842927147776	0.412601969057665	8
0.000347664821474042	0.000633636280912158	0.413614627285513	8
0.000487210704562661	0.00509133808308569	0.414627285513362	8
0.000260600172710073	0.00114533464374601	0.41563994374121	8
0.000265703492558727	0.000385664473476826	0.416652601969058	8
0.000365759993385015	0.00094457425865124	0.417665260196906	8
0.000140182440942044	0.000441654594712444	0.418677918424754	8
0.000326036777649569	0.000340827072468408	0.419690576652602	8
0.000298170764380392	0.000333693689857373	0.42070323488045	8
0.000288938926370901	0.000298633035719831	0.421715893108298	8
0.000252509780109221	0.000286813950077007	0.422728551336146	8
0.000120546088846974	0.000359416918515181	0.423741209563994	8
0.000375225620306254	0.00107416091707623	0.424753867791843	8
0.00111656473821803	0.0127627305190668	0.425766526019691	8
0.000137626769396492	0.00243158728865002	0.426779184247539	8
9.63742938492177e-05	0.000322046432542346	0.427791842475387	8
0.000131493878062422	0.00028776586170314	0.428804500703235	8
5.5222553980094e-05	0.000183012192228006	0.429817158931083	8
6.2448359633645e-07	8.7638671324945e-05	0.430829817158931	8
2.73294532795031e-06	4.21932004209582e-05	0.431842475386779	8
4.27284091732442e-05	6.53769767621798e-05	0.432855133614627	8
4.2874073601415e-05	6.64950952389676e-05	0.433867791842475	8
4.03239882133982e-05	0.000299071648638716	0.434880450070324	8
2.06909946970793e-05	0.000198485490603929	0.435893108298172	8
4.44978693724811e-05	0.000152202561463063	0.43690576652602	8
7.38526719207367e-05	0.000175179728687438	0.437918424753868	8
0.00018766232131943	0.000438256554302023	0.438931082981716	8
0.000213980043542061	0.00112737991567637	0.439943741209564	8
0.000259514539659993	0.0013201397221691	0.440956399437412	8
0.000836430619890382	0.00114033420264233	0.44196905766526	8
0.0011573269232749	0.00135173455617082	0.442981715893108	8
0.00116305522546944	0.0013816939242885	0.443994374120956	8
0.00130929897112993	0.00151804106584944	0.445007032348805	8
0.00120323689817067	0.00147727116496655	0.446019690576653	8
0.00137180672892995	0.00141795420656896	0.447032348804501	8
0.00135345666153888	0.00144297824010403	0.448045007032349	8
0.00144885353263969	0.00166079369657179	0.449057665260197	8
0.00167626441205377	0.00193549606399882	0.450070323488045	8
0.00194695747394801	0.00216849224233372	0.451082981715893	8
0.00218440962078829	0.00238431786956218	0.452095639943741	8
0.00218997734134458	0.00268027507911973	0.453108298171589	8
0.00264042805508533	0.00622356574894921	0.454120956399437	8
0.000226344635742921	0.00447707768882588	0.455133614627286	8
0.000253900246598255	0.0245634395582298	0.456146272855134	8
0.00880540711645257	0.0145520165326598	0.457158931082982	8
0.010666642112408	0.0156375558507138	0.45817158931083	8
0.0154150704143143	0.0171586699354338	0.459184247538678	8
0.0103375103471675	0.0174298090796051	0.460196905766526	8
0.00972860494382915	0.0162952152418689	0.461209563994374	8
0.0111894312732581	0.018126256501429	0.462222222222222	8
0.00747858214953225	0.0127861140791796	0.46323488045007	8
0.00638548237244008	0.0101461742048962	0.464247538677918	8
0.00172644781395693	0.00614547896652603	0.465260196905767	8
0.00318726892623773	0.00569725479746695	0.466272855133615	8
0.00199799520389982	0.00953817727064942	0.467285513361463	8
0.0015024371055515	0.00188850074468089	0.468298171589311	8
0.00110853590188246	0.0018472656893751	0.469310829817159	8
0.000302699031850534	0.0013057838503953	0.470323488045007	8
0.00140813091625871	0.0172595416474602	0.471336146272855	8
0.000839036576666134	0.00276789274375844	0.472348804500703	8
0.00119821484087972	0.0016275880220207	0.473361462728551	8
0.00164103042292061	0.00290796464828939	0.4743741209564	8
0.000985220306583731	0.00299942050283217	0.475386779184248	8
0.00226365985835517	0.00463640992511661	0.476399437412096	8
0.00371143598203141	0.0129211155945074	0.477412095639944	8
0.004848482437692	0.00522331807265439	0.478424753867792	8
0.0025765570040882	0.00511176828114663	0.47943741209564	8
0.0020047789033321	0.00338062882754983	0.480450070323488	8
0.000916691484331781	0.0018537346241426	0.481462728551336	8
0.000738043627205	0.000906107121434837	0.482475386779184	8
0.000869837329077896	0.000923078356192634	0.483488045007032	8
0.000652199542347885	0.000879175681728229	0.48450070323488	8
0.000890893028512546	0.00246896890487187	0.485513361462729	8
0.00201415045217001	0.00406876975094238	0.486526019690577	8
0.00424015216001071	0.00631680759418674	0.487538677918425	8
0.00551242805263606	0.00774119481124884	0.488551336146273	8
0.00342052597042907	0.00542043360921424	0.489563994374121	8
0.00527452594942981	0.0163470599601003	0.490576652601969	8
0.00339928332510148	0.00722655721797988	0.491589310829817	8
0.000612483417245661	0.00313547179665044	0.492601969057665	8
0.000598121522309351	0.00445610785541883	0.493614627285513	8
0.00292801812036294	0.00749049285722526	0.494627285513361	8
0.00838465403910711	0.0907961747118414	0.49563994374121	8
0.0134881202724941	0.0506033005238661	0.496652601969058	8
0.0109675715035503	0.0131069811333981	0.497665260196906	8
0.00878527268902751	0.0112711052515715	0.498677918424754	8
0.00603744483204165	0.0269389141632679	0.499690576652602	8
0.0063656667781023	0.00718171559017058	0.50070323488045	8
0.0072475880062149	0.0149533487498554	0.501715893108298	8
0.0152279714187965	0.0155455492871797	0.502728551336146	8
0.0152668174558715	0.0165291224748358	0.503741209563994	8
0.0166867558786985	0.0193736848144035	0.504753867791843	8
0.0194427207439041	0.021229798782943	0.505766526019691	8
0.0213791732052048	0.0245236445081618	0.506779184247539	8
0.0248427376925165	0.0315858326366486	0.507791842475387	8
0.0323089829679117	0.0787320505549323	0.508804500703235	8
0.0303622067992462	0.0462492309294717	0.509817158931083	8
0.0243948896454562	0.0299367002348158	0.510829817158931	8
0.0191905838214416	0.0241157732138458	0.511842475386779	8
0.0169546282059984	0.0190107077571591	0.512855133614627	8
0.0148775132254075	0.0168284854514308	0.513867791842475	8
0.0130887540671509	0.0147548459917347	0.514880450070324	8
0.0124475354715244	0.0131292595410398	0.515893108298172	8
0.0124605418841758	0.0135541327328901	0.51690576652602	8
0.012992173293353	0.0136172107636224	0.517918424753868	8
0.0126113852979638	0.0130702598981174	0.518931082981716	8
0.0125233359122693	0.0161529040897798	0.519943741209564	8
0.0161887965992867	0.0167391236490969	0.520956399437412	8
0.0140064742542957	0.0163628503908974	0.52196905766526	8
0.0137178566437191	0.0148530542539737	0.522981715893108	8
0.0105859791726149	0.0135871390147279	0.523994374120956	8
0.00712555762631321	0.0103977610687182	0.525007032348805	8
0.00402060118345455	0.00696564769697694	0.526019690576653	8
0.00175704445948736	0.00385874005914825	0.527032348804501	8
0.0001324834121459	0.00164106104646224	0.528045007032349	8
0.000417378193229401	0.000878047857647381	0.529057665260197	8
0.000101373703345232	0.000462669719623349	0.530070323488045	8
0.000487904488638296	0.00181803168827777	0.531082981715893	8
0.000556079019041332	0.00679243821592871	0.532095639943741	8
0.000407812442904104	0.00377166231402672	0.533108298171589	8
0.00393756982124504	0.00739991501085541	0.534120956399438	8
0.00799670805140842	0.0169768012618782	0.535133614627286	8
0.00519087950630152	0.0132919537328753	0.536146272855134	8
0.00158722612889703	0.00847744605115619	0.537158931082982	8
0.00294528121733438	0.0455846484125432	0.53817158931083	8
0.00473632424335684	0.0748107568351211	0.539184247538678	8
0.086071714341059	0.348361306287606	0.540196905766526	8
0.0562370315616191	0.115005320709143	0.541209563994374	8
0.0568456374021638	0.250696517585108	0.542222222222222	8
0.0563151040756223	0.0591749518443305	0.54323488045007	8
0.0405645698933598	0.0953638292537465	0.544247538677919	8
0.0408208118583418	0.0944458046168823	0.545260196905767	8
0.036311056331646	0.0766554743151579	0.546272855133615	8
0.0183313557941522	0.134890916891483	0.547285513361463	8
0.0423195160298728	0.0784866982324987	0.548298171589311	8
0.0335762259619849	0.0415910398495732	0.549310829817159	8
0.0265628194586025	0.0332140050415543	0.550323488045007	8
0.0183162774038623	0.0261111570811993	0.551336146272855	8
0.0139562884782523	0.0172865885429904	0.552348804500703	8
0.0103283310892421	0.0145486353213616	0.553361462728551	8
0.00636343906932448	0.0101296432307891	0.5543741209564	8
0.00174509593689537	0.00614334570177209	0.555386779184248	8
0.00273652284028242	0.00413262603671613	0.556399437412096	8
0.00333711032168344	0.00611848901217653	0.557412095639944	8
0.00338791318324784	0.0116474082334714	0.558424753867792	8
0.00477374634588285	0.00902153266022916	0.55943741209564	8
0.00444803587427545	0.0076877349390068	0.560450070323488	8
0.00668529873584344	0.00764504047766303	0.561462728551336	8
0.0038069452522898	0.00936415217861224	0.562475386779184	8
0.00263116593325897	0.0576737924358758	0.563488045007032	8
0.000194758157417103	0.00180881478583992	0.56450070323488	8
6.17074733985532e-05	0.000734477985769482	0.565513361462729	8
0.000463155422203424	0.00100657463302053	0.566526019690577	8
0.000615316438717504	0.00188599052322787	0.567538677918425	8
0.00190966224012782	0.003227844345224	0.568551336146273	8
0.0018782738668814	0.00311190521829397	0.569563994374121	8
0.000893503888011041	0.00231477567764436	0.570576652601969	8
0.00178905135377486	0.00313942472898932	0.571589310829817	8
0.00218081056704295	0.00333828242980653	0.572601969057665	8
0.0019055417460143	0.00312320091678887	0.573614627285513	8
0.0019969324970449	0.00352177728239296	0.574627285513362	8
0.00192457728095419	0.0024983563957688	0.57563994374121	8
0.000663235904717426	0.00188718320103144	0.576652601969058	8
0.00165081696865008	0.00193822354978031	0.577665260196906	8
0.000679363133220733	0.00185465042983731	0.578677918424754	8
0.000164891976157451	0.00218734578033276	0.579690576652602	8
0.00225923588936004	0.00301639612197907	0.58070323488045	8
0.00302303480945638	0.00329065006990149	0.581715893108298	8
0.00319550660050185	0.00328007867647823	0.582728551336146	8
0.00315815175710275	0.0032219838837322	0.583741209563994	8
0.00317958607495684	0.00331667371005019	0.584753867791843	8
0.0033345270107551	0.00362541232276985	0.585766526019691	8
0.00364309473860726	0.00427710019467293	0.586779184247539	8
0.00429021716999668	0.00489227859619759	0.587791842475387	8
0.00275266137896134	0.00667076670966277	0.588804500703235	8
0.00242355953949826	0.00410386258360446	0.589817158931083	8
0.00268827048564098	0.00397122170534886	0.590829817158931	8
0.00171888453170849	0.00261630993509003	0.591842475386779	8
0.000683401724542877	0.00167139285067183	0.592855133614627	8
0.000294377566586063	0.000758372500724272	0.593867791842475	8
0.000431475792281675	0.0308193185882255	0.594880450070324	8
0.00122416206916399	0.00188098379353683	0.595893108298172	8
0.00138859896780618	0.00436623799487417	0.59690576652602	8
0.0023126957887248	0.00524782449796074	0.597918424753868	8
0.00130268020339487	0.00360217030346361	0.598931082981716	8
0.000401129224590733	0.00679227294422332	0.599943741209564	8
0.00477013470470096	0.0104222816315755	0.600956399437412	8
0.00290383289615065	0.00633987550176964	0.60196905766526	8
0.00179099866389816	0.00349748077794643	0.602981715893108	8
0.00187484262998361	0.00305500436675879	0.603994374120956	8
0.000649900593313241	0.00252832156774631	0.605007032348805	8
0.00259172379169611	0.0039774670947003	0.606019690576653	8
0.00303462915383776	0.00748375258401242	0.607032348804501	8
0.00472966644479853	0.00518474251096544	0.608045007032349	8
0.00335113034865166	0.00591453643984958	0.609057665260197	8
0.00321703177210319	0.00566550628360596	0.610070323488045	8
0.00121802457979065	0.00305482142007053	0.611082981715893	8
0.000186388246216706	0.00114982037421794	0.612095639943741	8
1.35426499662306e-05	0.000505232059171494	0.613108298171589	8
0.000537355902490021	0.000878669116151348	0.614120956399438	8
0.00083359957727885	0.00104040914981967	0.615133614627286	8
0.00106775077189456	0.00173177132098801	0.616146272855134	8
0.0011538799624042	0.00214485815786904	0.617158931082982	8
0.00215191987514256	0.00255945811651344	0.61817158931083	8
0.00257926924766214	0.00290191266111733	0.619184247538678	8
0.00213686644975512	0.0038391985173194	0.620196905766526	8
0.00246173546565586	0.00391803063835726	0.621209563994374	8
0.00165660677704075	0.00246417724840596	0.622222222222222	8
0.00188139146348773	0.00296921635482329	0.62323488045007	8
0.00298650242263609	0.00552896781655511	0.624247538677918	8
0.00199722458627907	0.00520397973110073	0.625260196905767	8
0.00114568110117398	0.0101598931372301	0.626272855133615	8
0.00267655819661956	0.00465064822268975	0.627285513361463	8
0.000948981391437894	0.00250911338187564	0.628298171589311	8
0.000469930749824727	0.000928203634789844	0.629310829817159	8
0.000747955784404135	0.000821868868868411	0.630323488045007	8
0.000598021253412125	0.000740297340000222	0.631336146272855	8
0.000107957227421626	0.00058135555261549	0.632348804500703	8
0.000404671969482843	0.000530361319726611	0.633361462728551	8
7.51076707720649e-05	0.000358322054779968	0.634374120956399	8
0.000121618024568436	0.000450975366507214	0.635386779184248	8
0.000132203706146438	0.000366603725545432	0.636399437412096	8
0.000291110110439674	0.000382214162074001	0.637412095639944	8
8.82875416663965e-05	0.000310501309128949	0.638424753867792	8
3.3831140446023e-05	0.000199115431454568	0.63943741209564	8
0.000209525287722712	0.000315615237963264	0.640450070323488	8
0.000321846344438736	0.000405715590862697	0.641462728551336	8
0.000318318893943018	0.000411206151753789	0.642475386779184	8
0.000404794252836633	0.000424577871349555	0.643488045007032	8
0.00032697433191112	0.000401717920553484	0.64450070323488	8
0.000157281461413992	0.000318396926900074	0.645513361462729	8
6.2998231021458e-05	0.000144825510780428	0.646526019690577	8
1.18979730422533e-05	0.000138754935236362	0.647538677918425	8
0.000144314364972292	0.000200033307505813	0.648551336146273	8
0.000144587428866288	0.0002004956817798	0.649563994374121	8
4.46844620252251e-05	0.000198459868790409	0.650576652601969	8
0.000211572081398808	0.000403139463192777	0.651589310829817	8
0.000199383595230078	0.000396383295786042	0.652601969057665	8
0.000304538962202537	0.000747532085721443	0.653614627285513	8
5.19580459524666e-05	0.00180703349986763	0.654627285513362	8
4.68179442587606e-05	7.69455677575204e-05	0.65563994374121	8
2.07892837110472e-05	8.06542730118564e-05	0.656652601969058	8
6.39577503746716e-05	0.000225232142263004	0.657665260196906	8
0.000185089219824968	0.000515278056671767	0.658677918424754	8
0.000661200447381897	0.00498250387363049	0.659690576652602	8
0.000281723279187209	0.000904583517945021	0.66070323488045	8
0.000625961837311663	0.0132986827486007	0.661715893108298	8
0.00251033044808878	0.00446832964892543	0.662728551336146	8
0.00322183814149038	0.00497796639819611	0.663741209563994	8
0.00261349966844776	0.00453952214609243	0.664753867791842	8
0.00229994348891527	0.00260872335728645	0.665766526019691	8
0.002220718948121	0.00228853217883073	0.666779184247539	8
0.00205407434477761	0.00221140135944836	0.667791842475387	8
0.00129965143445552	0.00203097121139642	0.668804500703235	8
0.000181760016784213	0.00126092454685949	0.669817158931083	8
0.0012374430415198	0.00162644939599098	0.670829817158931	8
0.000716331676912758	0.00215777408229149	0.671842475386779	8
0.00226330264695966	0.00375134665588573	0.672855133614627	8
0.00248636525031895	0.00388014138967062	0.673867791842475	8
0.00100193274099958	0.00420913739064477	0.674880450070324	8
0.000330921525634591	0.00142691012353251	0.675893108298172	8
0.00112169866865874	0.00209917086837844	0.67690576652602	8
0.00217779213462841	0.00387874331604304	0.677918424753868	8
0.00303289317585116	0.0058545204572069	0.678931082981716	8
0.00322828203764575	0.0248654218070232	0.679943741209564	8
0.00381986413710468	0.0100549150593898	0.680956399437412	8
0.0108092999953383	0.0204382895652852	0.68196905766526	8
0.00935239286762272	0.0214819855289333	0.682981715893108	8
0.00920978804132428	0.0360552586394964	0.683994374120957	8
0.0214832642561812	0.169947872909533	0.685007032348804	8
0.0114836710794525	0.0209574707010707	0.686019690576653	8
0.0100192714854986	0.0194443707064778	0.687032348804501	8
0.00957986533248116	0.301844035386821	0.688045007032349	8
0.103666740347636	0.545800955902404	0.689057665260197	8
0.0772750902276641	0.101947081664114	0.690070323488045	8
0.0626869904238175	0.113887177042531	0.691082981715893	8
0.0634473890138944	0.0932224483420564	0.692095639943741	8
0.0598556611909886	0.114466654649842	0.693108298171589	8
0.0812669544586161	0.118108671769918	0.694120956399437	8
0.0797489260120546	0.117302203284672	0.695133614627286	8
0.076022940578097	0.104734215550483	0.696146272855134	8
0.033500817699235	0.0887009646991782	0.697158931082982	8
0.042846120917684	0.177607828469207	0.69817158931083	8
0.155474717722066	0.271447099904004	0.699184247538678	8
0.199444308108644	0.278443815566652	0.700196905766526	8
0.266982798965018	0.402479648391444	0.701209563994374	8
0.234844208040217	0.441047184165661	0.702222222222222	8
0.216306543284516	0.258708036218819	0.70323488045007	8
0.201739773589006	0.215253371584686	0.704247538677918	8
0.194140812588383	0.202639495431149	0.705260196905767	8
0.168011046677841	0.193753218434009	0.706272855133615	8
0.136016675568969	0.174503832343113	0.707285513361463	8
0.141394444586279	0.166856233218021	0.708298171589311	8
0.112647869581066	0.174291841344698	0.709310829817159	8
0.175890596762236	0.180943335414292	0.710323488045007	8
0.160851672311133	0.177060568097969	0.711336146272855	8
0.132012695096269	0.159433354176283	0.712348804500703	8
0.0989834465773641	0.130676772222901	0.713361462728551	8
0.0760036707292509	0.109572986499381	0.714374120956399	8
0.0505423413999963	0.0739367448786157	0.715386779184248	8
0.0499572430065718	0.0953126275775313	0.716399437412096	8
0.0955603560422362	0.0984329138111757	0.717412095639944	8
0.100336557945208	0.101315834832582	0.718424753867792	8
0.101371918372235	0.105928057498865	0.71943741209564	8
0.103259044096513	0.106240510030082	0.720450070323488	8
0.10147510270771	0.104581406520199	0.721462728551336	8
0.0923956844256385	0.10107408538918	0.722475386779184	8
0.0812248567176788	0.0921739649298991	0.723488045007032	8
0.0703705801644559	0.0806444074331114	0.724500703234881	8
0.0607969550966411	0.0696508023143384	0.725513361462729	8
0.0561765977836862	0.0625054954467875	0.726526019690577	8
0.0470753308886934	0.055663370335081	0.727538677918425	8
0.0403688372262606	0.0466634366840849	0.728551336146273	8
0.0306676959826806	0.0399255091513174	0.729563994374121	8
0.0109484335269495	0.0300113011666675	0.730576652601969	8
0.024463951634939	0.0334160077318032	0.731589310829817	8
0.0335345144120673	0.0361188012708106	0.732601969057665	8
0.0368325123443967	0.0406416859454089	0.733614627285513	8
0.0408165480472927	0.0428897898708918	0.734627285513361	8
0.0425824791891927	0.0484523317707514	0.73563994374121	8
0.0492299894921049	0.109162963061875	0.736652601969058	8
0.0416883406620646	0.0581910530379355	0.737665260196906	8
0.0217820518983104	0.40027579804151	0.738677918424754	8
0.0247390841866319	0.172010302402371	0.739690576652602	8
0.00668263281989826	0.0227052614205847	0.74070323488045	8
0.0128783099246306	0.0219937603239375	0.741715893108298	8
0.00802076371264195	0.0170686195923698	0.742728551336146	8
0.000931839062788778	0.00757094711162165	0.743741209563994	8
1.33312492862822e-05	0.00379902386987663	0.744753867791843	8
0.00292808783558107	0.00450541950492122	0.745766526019691	8
0.00115977399577183	0.0100060047297685	0.746779184247539	8
0.000246190427438482	0.00151704034614301	0.747791842475387	8
0.00144049782445294	0.0031068195136751	0.748804500703235	8
0.00175029271106034	0.0116328474044496	0.749817158931083	8
0.01220140871923	0.0173238153153697	0.750829817158931	8
0.0176164010268424	0.037395835510502	0.751842475386779	8
0.0360689423317099	0.0802752032372457	0.752855133614627	8
0.0289818761066606	0.0351267854241437	0.753867791842476	8
0.023521445558203	0.0881180276094463	0.754880450070323	8
0.00525160229431333	0.0211777723413422	0.755893108298172	8
0.00204211065257765	0.00491476079153089	0.75690576652602	8
0.000879279292558674	0.00193546777162303	0.757918424753868	8
3.16195351237831e-05	0.000948985002241118	0.758931082981716	8
0.000779427327202622	0.00632383395159879	0.759943741209564	8
0.00231861119013845	0.0112661858763418	0.760956399437412	8
0.00336534942161783	0.00731106779566082	0.76196905766526	8
0.0075806363613385	0.119918718752001	0.762981715893108	8
0.0160366257070136	0.0298846348195285	0.763994374120956	8
0.0177816431305301	0.110811152469754	0.765007032348805	8
0.0517955226537865	0.111417012940091	0.766019690576653	8
0.0321672753822912	0.0613792920621972	0.767032348804501	8
0.0298095916053537	0.0439758102134675	0.768045007032349	8
0.0196250444395353	0.0290321620917577	0.769057665260197	8
0.0160988361156806	0.024841889266527	0.770070323488045	8
0.0177964188149574	0.0212051830255133	0.771082981715893	8
0.0105906679191302	0.0213155573064649	0.772095639943741	8
0.0110407398169251	0.0122147364155316	0.773108298171589	8
0.0116513457088422	0.01377130134557	0.774120956399437	8
0.0102074499441411	0.0142706685285333	0.775133614627285	8
0.00927072277343026	0.013352291852662	0.776146272855134	8
0.00311456948089638	0.118313166129532	0.777158931082982	8
0.00349855684716793	0.014323163745013	0.77817158931083	8
0.0126221975625036	0.0181569649240407	0.779184247538678	8
0.00790944008097582	0.021385434798943	0.780196905766526	8
0.00937682756884702	0.035642612613839	0.781209563994374	8
0.0015247248159377	0.00874152580330763	0.782222222222222	8
0.00107464790928325	0.00580885171015423	0.78323488045007	8
0.000393377644296435	0.0104754688158335	0.784247538677918	8
0.00866208300118329	0.0123464359585484	0.785260196905767	8
0.00860062108187988	0.0366998274776003	0.786272855133615	8
0.0131471888907624	0.121441323445287	0.787229254571027	8
0.0102858871047909	0.0224224079172219	0.788185654008439	8
0.0179167514708241	0.024403283748158	0.789142053445851	8
0.0115118176780714	0.0780777527942863	0.790098452883263	8
0.0822871623394633	0.189172164558826	0.791054852320675	8
0.159323265312787	0.27422343329527	0.792011251758087	8
0.1854610874689	0.282184415881705	0.792967651195499	8
0.20630048520032	0.216018355985304	0.793924050632911	8
0.205591021787053	0.216118341501763	0.794880450070323	8
0.103062767928832	0.202221906535771	0.795836849507736	8
0.0417013331069156	0.150726876731846	0.796793248945148	8
0.130481500534357	0.309520971442281	0.79774964838256	8
0.107110668809493	0.230229180131012	0.798706047819972	8
0.107138503148917	0.166844705395726	0.799662447257384	8
0.168465063450939	0.206912603725386	0.800618846694796	8
0.185222226960104	0.204097595533914	0.801575246132208	8
0.0240144970716172	0.183261429330418	0.80253164556962	8
0.150946601718702	0.323794117026727	0.803488045007032	8
0.335581442459711	0.926278959176783	0.804444444444444	8
0.804817670076776	0.880071101398978	0.805400843881857	8
0.797840305299106	0.896978278804913	0.806357243319269	8
0.741094925651658	0.872937666050355	0.807313642756681	8
0.728545556775322	0.853480693131088	0.808270042194093	8
0.823351933080425	0.94671056998515	0.809226441631505	8
0.718351846191912	0.843976958261736	0.810182841068917	8
0.483105643423694	0.719844170514646	0.811139240506329	8
0.45141936362733	0.596104413935946	0.812095639943741	8
0.451430459575156	0.577986924429802	0.813052039381153	8
0.444143346625225	0.575364510658181	0.814008438818565	8
0.408562577369056	0.528083862913555	0.814964838255978	8
0.144508581625093	0.496130602968389	0.81592123769339	8
0.317231701774657	0.592239816260183	0.816877637130802	8
0.599270193054126	0.677833303722492	0.817834036568214	8
0.681043992440106	0.727595948709426	0.818790436005626	8
0.487811271436781	0.834268915130136	0.819746835443038	8
0.841888850172982	0.941754145156533	0.82070323488045	8
0.890563281442177	0.962135974805354	0.821659634317862	8
0.795752845165385	0.959667723347402	0.822616033755274	8
0.892161086747593	0.929240004475706	0.823572433192686	8
0.922217240484945	0.991033653472514	0.824528832630099	8
0.558853471005336	0.911705650573194	0.825485232067511	8
0.259687338793434	0.636164115971616	0.826441631504923	8
0.352767805619544	0.450990242270164	0.827398030942335	8
0.171659416254094	0.435158003804556	0.828354430379747	8
0.0616183690138664	0.190680413508211	0.829310829817159	8
0.0982096699081065	0.217378247701273	0.830267229254571	8
0.00250732229203992	0.224670102381043	0.831223628691983	8
0.0108067577066866	0.448972622489413	0.832180028129395	8
0.402243138935861	0.75090472859981	0.833136427566807	8
0.281076234642357	0.53152792100069	0.83409282700422	8
0.480203288085432	0.615721093907901	0.835049226441632	8
0.45970354636065	0.837177556845641	0.836005625879044	8
0.781571828539648	0.928813242741663	0.836962025316456	8
0.913210648594957	0.987522606072158	0.837918424753868	8
0.985332536739698	0.996698232283176	0.83887482419128	8
0.991904366864658	0.999565014030184	0.839831223628692	8
0.983684433909126	0.991482495142797	0.840787623066104	8
0.980352412356384	0.988254294316244	0.841744022503516	8
0.982704981818621	0.990933590419109	0.842700421940928	8
0.984325170750731	0.990787243567098	0.843656821378341	8
0.990710872551095	0.990839374739106	0.844613220815752	8
0.990702626708625	0.99085628282175	0.845569620253164	8
0.985578607482017	0.99088736760818	0.846526019690577	8
0.985162717616802	0.985706138642025	0.847482419127989	8
0.982637068757976	0.985016258422403	0.848438818565401	8
0.980938848060111	0.982549138236505	0.849395218002813	8
0.978997168977607	0.980837190528826	0.850351617440225	8
0.975930572626505	0.978895547493142	0.851308016877637	8
0.960921321617388	0.975678683680893	0.852264416315049	8
0.919644605638957	0.960017815448543	0.853220815752461	8
0.899666364915322	0.918710406461895	0.854177215189873	8
0.873544715298385	0.898254978138511	0.855133614627286	8
0.780462289132042	0.872189591316743	0.856090014064698	8
0.721475871056144	0.778611153421717	0.85704641350211	8
0.642472731658308	0.716369018605378	0.858002812939522	8
0.500281862126395	0.636402094753857	0.858959212376934	8
0.024128888352331	0.485445487740936	0.859915611814346	8
0.0169087733593016	0.0232625998839342	0.860872011251758	8
0.00703290760978025	0.0164055316862221	0.86182841068917	8
0.000816572396546551	0.00645098654582298	0.862784810126582	8
0.000168593623943044	0.00217131771664537	0.863741209563994	8
0.00271849820655509	0.0243057146801051	0.864697609001406	8
0.0237579917047738	0.0334781006563898	0.865654008438819	8
0.0343360315099393	0.0464784212150058	0.866610407876231	8
0.0470674820582132	0.339300938412828	0.867566807313643	8
0.350990759243327	0.468650968948679	0.868523206751055	8
0.482053917305874	0.608736325559316	0.869479606188467	8
0.614587080031395	0.68758754760659	0.870436005625879	8
0.673537130717488	0.743721015058512	0.871392405063291	8
0.748080519753857	0.805062674085118	0.872348804500703	8
0.808278369314525	0.848992074971292	0.873305203938115	8
0.851566753872758	0.95759580777685	0.874261603375527	8
0.927638772836829	0.936492902973318	0.87521800281294	8
0.92522451828233	0.928495238736032	0.876174402250352	8
0.92872241492328	0.936579050878145	0.877130801687764	8
0.93792856972138	0.960385916759192	0.878087201125176	8
0.961652375412717	0.979513216490272	0.879043600562588	8
0.980904105596498	0.996831022392703	0.88	8
0.98714705432394	0.989249499228706	0.880956399437412	8
0.986084493850876	0.995213513485363	0.881912798874824	8
0.982592468770006	0.985872198282616	0.882869198312236	8
0.981003376378954	0.987803851836007	0.883825597749648	8
0.966586021783857	0.983758297762348	0.884781997187061	8
0.975564309655379	0.987681023523154	0.885738396624473	8
0.98468589123006	0.991296708735298	0.886694796061885	8
0.988669150762863	0.992430867435178	0.887651195499297	8
0.990600760990396	0.993727465783775	0.888607594936709	8
0.990172006430951	0.993572172457776	0.889563994374121	8
0.984606893682651	0.993541902333864	0.890520393811533	8
0.990907291848159	0.994696501492476	0.891476793248945	8
0.993111190527213	0.996657922696078	0.892433192686357	8
0.995737331930817	0.997638154846507	0.893389592123769	8
0.996802690725606	0.998236247676111	0.894345991561182	8
0.997816398641679	0.999209156200607	0.895302390998594	8
0.99785814250567	0.998800743111015	0.896258790436006	8
0.997815578815494	0.99860588515672	0.897215189873418	8
0.995678514138994	0.999447756096057	0.89817158931083	8
0.999396481819133	0.999883995420464	0.899127988748242	8
0.999891265385724	0.999988070233728	0.900084388185654	8
0.999847665004278	0.999905279372801	0.901040787623066	8
0.999806250723248	0.999883748742152	0.901997187060478	8
0.999751514333181	0.999850514261628	0.90295358649789	8
0.999651292825737	0.999813665894774	0.903909985935302	8
0.999296849129647	0.999739762615543	0.904866385372715	8
0.99856242781074	0.999433625967848	0.905822784810127	8
0.983269792664771	0.998691054996332	0.906779184247539	8
0.99881297428861	0.999513742430019	0.907735583684951	8
0.999532544923103	0.999721282864173	0.908691983122363	8
0.99972920950485	0.999829884416143	0.909648382559775	8
0.999835572492847	0.999900764345717	0.910604781997187	8
0.999903797591688	0.999945756053904	0.911561181434599	8
0.999947864762498	0.999978912429998	0.912517580872011	8
0.999980809845804	0.999998993322093	0.913473980309423	8
0.999970381583915	0.999983025285832	0.914430379746836	8
0.999961831563665	0.999969825019451	0.915386779184247	8
0.999954628958723	0.999961299224397	0.91634317862166	8
0.999949066360091	0.999954209661082	0.917299578059072	8
0.99994333942996	0.999948799518621	0.918255977496484	8
0.999938785997487	0.999943070094637	0.919212376933896	8
0.999936516833112	0.999938629068847	0.920168776371308	8
0.999936444763999	0.999937608770827	0.92112517580872	8
0.999937716588331	0.999941718121345	0.922081575246132	8
0.999942249574179	0.999973890921174	0.923037974683544	8
0.999966354157477	0.999980654975478	0.923994374120957	8
0.999936727746228	0.999996706569821	0.924950773558369	8
0.999790276288133	0.999946079536336	0.925907172995781	8
0.999675405383234	0.999947962080334	0.926863572433193	8
0.999680526718084	0.999852734699502	0.927819971870605	8
0.999445184525435	0.999751778293865	0.928776371308017	8
0.99940882961591	0.999594497060289	0.929732770745429	8
0.998870564691461	0.999428429170603	0.930689170182841	8
0.998299905484209	0.99918139324775	0.931645569620253	8
0.997006220569722	0.9986782338245	0.932601969057665	8
0.984708462426294	0.997825545131438	0.933558368495077	8
0.985751348827899	0.994346774164476	0.934514767932489	8
0.781203016880674	0.988123386521294	0.935471167369901	8
0.985720495809828	0.996165784499207	0.936427566807314	8
0.995014381025696	0.997181350337817	0.937383966244726	8
0.99586146066053	0.997197639834834	0.938340365682138	8
0.993924172997815	0.997072746522317	0.93929676511955	8
0.971247275940291	0.996954297649578	0.940253164556962	8
0.997079582482088	0.998137105477497	0.941209563994374	8
0.997494114968664	0.998881144098673	0.942165963431786	8
0.998289570300226	0.998891632639437	0.943122362869198	8
0.998426933994719	0.999174835481546	0.94407876230661	8
0.998868831362861	0.999596720959625	0.945035161744022	8
0.996942182281778	0.999641070458446	0.945991561181435	8
0.995179305731964	0.996918370826672	0.946947960618847	8
0.994843664875975	0.996768823121011	0.947904360056259	8
0.994474808771229	0.999794472147076	0.948860759493671	8
0.998532553635346	0.999210272554356	0.949817158931083	8
0.998717233295609	0.999520354434206	0.950773558368495	8
0.997672839919376	0.999703606819163	0.951729957805907	8
0.993318343823331	0.997526293861539	0.952686357243319	8
0.966629742646591	0.992912118563194	0.953642756680731	8
0.88064152342068	0.976049063721387	0.954599156118143	8
0.977372153500707	0.986497291286548	0.955555555555556	8
0.984544375658457	0.995285549166937	0.956511954992968	8
0.986273356956203	0.991064353644041	0.95746835443038	8
0.984593270613336	0.988535017501944	0.958424753867792	8
0.985880557248023	0.98661501464562	0.959381153305204	8
0.984893035011152	0.985832810870291	0.960337552742616	8
0.982696405430817	0.984776518132469	0.961293952180028	8
0.980367893247046	0.982666664001813	0.96225035161744	8
0.97783094028364	0.980216551094584	0.963206751054852	8
0.973041504054991	0.977577834561098	0.964163150492264	8
0.961927849536327	0.981140264160037	0.965119549929677	8
0.906074669581139	0.971049471638927	0.966075949367089	8
0.883174875594849	0.979687567353422	0.967032348804501	8
0.975272134069011	0.988385030061393	0.967988748241913	8
0.990017072312894	0.994265406387219	0.968945147679325	8
0.993896829658816	0.996061023082896	0.969901547116737	8
0.99565868042491	0.998121492086369	0.970857946554149	8
0.997661759881754	0.999892664794549	0.971814345991561	8
0.99180771441507	0.997231234721221	0.972770745428973	8
0.994157726131164	0.996645474700274	0.973727144866385	8
0.996732832486695	0.996775494507067	0.974683544303798	8
0.994045869980625	0.996722354513224	0.97563994374121	8
0.98993285008096	0.995412095661404	0.976596343178622	8
0.995537045026514	0.997069745629097	0.977552742616034	8
0.997120384974266	0.998633017208521	0.978509142053446	8
0.998521583828747	0.999246123234943	0.979465541490858	8
0.998537768372757	0.999466452159352	0.98042194092827	8
0.997536423375065	0.998504004286602	0.981378340365682	8
0.988357527727691	0.997424854769845	0.982334739803094	8
0.991161324724392	0.996562503997199	0.983291139240506	8
0.993027678312091	0.998243884609218	0.984247538677918	8
0.998320154960316	0.999303886595098	0.98520393811533	8
0.999175299251026	0.999900624362888	0.986160337552743	8
0.997379917369983	0.999120096936479	0.987116736990155	8
0.995712772786476	0.998133030144997	0.988073136427567	8
0.99485234915368	0.995876371364439	0.989029535864979	8
0.993360753452417	0.994815927005547	0.989985935302391	8
0.988989449728783	0.993205113812115	0.990942334739803	8
0.988635834160755	0.991927336791845	0.991898734177215	8
0.992027926420471	0.995841207392661	0.992855133614627	8
0.994123520813208	0.996642349163184	0.993811533052039	8
0.994714344495763	0.997191703776131	0.994767932489452	8
0.996592821030271	0.99945597618631	0.995724331926864	8
0.998700676156209	0.999723931909519	0.996680731364276	8
0.997234625644976	0.999372861027603	0.997637130801688	8
0.996792395258444	0.998001317297134	0.9985935302391	8
0.997267330769519	0.998265204105717	0.999549929676512	8
